"Date","NYC.New.Positive","NYC.Total.Positive","NYC.New.Tested","NYC.Total.Tested","NYC.New.Hospitolized","NYC.Total.Hospitolized","NYC.New.Death","NYC.Total.Death","LIC.New.Positive","LIC.Total.Positive","LIC.New.Tested","LIC.Total.Tested","LIC.New.Hospitolized","LIC.Total.Hospitolized","LIC.New.Death","LIC.Total.Death","ColumbiaUniv.New.Positive","ColumbiaUniv.Total.Positive","ColumbiaUniv.New.Tested","ColumbiaUniv.Total.Tested","ColumbiaUniv.New.Hospitolized","ColumbiaUniv.Total.Hospitolized","ColumbiaUniv.New.Death","ColumbiaUniv.Total.Death"
"03/03",2,NA,NA,NA,20,NA,0,NA,NA,NA,NA,NA,NA,NA,NA,NA,NA,NA,NA,NA,NA,NA,NA,NA
"03/04",5,NA,NA,NA,22,NA,0,NA,NA,NA,NA,NA,NA,NA,NA,NA,NA,NA,NA,NA,NA,NA,NA,NA
"03/05",3,NA,NA,NA,20,NA,0,NA,NA,NA,NA,NA,NA,NA,NA,NA,NA,NA,NA,NA,NA,NA,NA,NA
"03/06",8,NA,NA,NA,18,NA,0,NA,NA,NA,NA,NA,NA,NA,NA,NA,NA,NA,NA,NA,NA,NA,NA,NA
"03/07",7,NA,NA,NA,15,NA,0,NA,NA,NA,NA,NA,NA,NA,NA,NA,NA,NA,NA,NA,NA,NA,NA,NA
"03/08",21,NA,NA,NA,18,NA,0,NA,NA,NA,NA,NA,NA,NA,NA,NA,NA,NA,NA,NA,NA,NA,NA,NA
"03/09",58,NA,NA,NA,49,NA,0,NA,NA,NA,NA,NA,NA,NA,NA,NA,NA,NA,NA,NA,NA,NA,NA,NA
"03/10",70,NA,NA,NA,63,NA,0,NA,NA,NA,NA,NA,NA,NA,NA,NA,NA,NA,NA,NA,NA,NA,NA,NA
"03/11",155,NA,NA,NA,91,NA,1,NA,NA,NA,NA,NA,NA,NA,NA,NA,NA,NA,NA,NA,NA,NA,NA,NA
"03/12",357,NA,NA,NA,92,NA,0,NA,NA,NA,NA,NA,NA,NA,NA,NA,NA,NA,NA,NA,NA,NA,NA,NA
"03/13",621,NA,NA,NA,157,NA,0,NA,NA,NA,NA,NA,NA,NA,NA,NA,NA,NA,NA,NA,NA,NA,NA,NA
"03/14",644,NA,NA,NA,159,NA,2,NA,NA,NA,NA,NA,NA,NA,NA,NA,NA,NA,NA,NA,NA,NA,NA,NA
"03/15",1037,NA,NA,NA,189,NA,5,NA,NA,NA,NA,NA,NA,NA,NA,NA,NA,NA,NA,NA,NA,NA,NA,NA
"03/16",2124,NA,NA,NA,317,NA,8,NA,NA,NA,NA,NA,NA,NA,NA,NA,NA,NA,NA,NA,NA,NA,NA,NA
"03/17",2455,NA,NA,NA,359,NA,8,NA,NA,NA,NA,NA,NA,NA,NA,NA,NA,NA,NA,NA,NA,NA,NA,NA
"03/18",2984,NA,NA,NA,472,NA,21,NA,NA,NA,NA,NA,NA,NA,NA,NA,NA,NA,NA,NA,NA,NA,NA,NA
"03/19",3715,NA,NA,NA,558,NA,24,NA,NA,NA,NA,NA,NA,NA,NA,NA,NA,NA,NA,NA,NA,NA,NA,NA
"03/20",4014,NA,NA,NA,665,NA,47,NA,NA,NA,NA,NA,NA,NA,NA,NA,NA,NA,NA,NA,NA,NA,NA,NA
"03/21",2641,NA,NA,NA,700,NA,44,NA,NA,NA,NA,NA,NA,NA,NA,NA,NA,NA,NA,NA,NA,NA,NA,NA
"03/22",2580,NA,NA,NA,727,NA,50,NA,NA,NA,NA,NA,NA,NA,NA,NA,NA,NA,NA,NA,NA,NA,NA,NA
"03/23",3571,NA,NA,NA,1036,NA,82,NA,NA,NA,NA,NA,NA,NA,NA,NA,NA,NA,NA,NA,NA,NA,NA,NA
"03/24",4509,NA,NA,NA,1155,NA,95,NA,NA,NA,NA,NA,NA,NA,NA,NA,NA,NA,NA,NA,NA,NA,NA,NA
"03/25",4866,NA,NA,NA,1303,NA,123,NA,NA,NA,NA,NA,NA,NA,NA,NA,NA,NA,NA,NA,NA,NA,NA,NA
"03/26",5051,NA,NA,NA,1453,NA,190,NA,NA,NA,NA,NA,NA,NA,NA,NA,NA,NA,NA,NA,NA,NA,NA,NA
"03/27",5132,NA,NA,NA,1393,NA,218,NA,NA,NA,NA,NA,NA,NA,NA,NA,NA,NA,NA,NA,NA,NA,NA,NA
"03/28",3478,NA,NA,NA,1365,NA,274,NA,NA,NA,NA,NA,NA,NA,NA,NA,NA,NA,NA,NA,NA,NA,NA,NA
"03/29",3560,NA,NA,63752,1408,NA,292,NA,NA,NA,NA,NA,NA,NA,NA,NA,NA,NA,NA,NA,NA,NA,NA,NA
"03/30",6133,NA,7105,70857,1718,NA,326,NA,NA,NA,NA,NA,NA,NA,NA,NA,NA,NA,NA,NA,NA,NA,NA,NA
"03/31",5474,NA,NA,NA,1697,NA,384,NA,NA,NA,NA,NA,NA,NA,NA,NA,NA,NA,NA,NA,NA,NA,NA,NA
"04/01",5465,NA,NA,73251,1596,NA,447,NA,NA,148,NA,320,NA,NA,NA,NA,NA,170,NA,422,NA,NA,NA,NA
"04/02",5767,NA,14163,87414,1620,NA,499,NA,NA,NA,NA,NA,NA,NA,NA,NA,NA,NA,NA,NA,NA,NA,NA,NA
"04/03",5676,NA,9995,97409,1602,NA,498,NA,NA,201,NA,417,NA,NA,NA,NA,NA,224,NA,504,NA,NA,NA,NA
"04/04",3870,NA,6687,104096,1344,NA,510,NA,NA,214,NA,439,NA,NA,NA,NA,NA,250,NA,540,NA,NA,NA,NA
"04/05",3794,NA,6510,110606,1329,NA,580,NA,NA,232,NA,470,NA,NA,NA,NA,NA,267,NA,565,NA,NA,NA,NA
"04/06",6377,NA,NA,NA,1724,NA,576,NA,NA,NA,NA,NA,NA,NA,NA,NA,NA,NA,NA,NA,NA,NA,NA,NA
"04/07",6065,NA,NA,127788,1604,NA,597,NA,NA,258,NA,520,NA,NA,NA,NA,NA,327,NA,657,NA,NA,NA,NA
"04/08",5585,NA,8070,135858,1542,NA,569,NA,NA,265,NA,537,NA,NA,NA,NA,NA,346,NA,696,NA,NA,NA,NA
"04/09",5074,NA,12656,148514,1429,NA,561,NA,NA,298,NA,580,NA,NA,NA,NA,NA,389,NA,751,NA,NA,NA,NA
"04/10",4520,NA,13943,162457,1337,NA,539,NA,NA,315,NA,614,NA,NA,NA,NA,NA,419,NA,817,NA,NA,NA,NA
"04/11",3733,NA,4702,167159,1099,NA,543,NA,NA,322,NA,627,NA,NA,NA,NA,NA,427,NA,839,NA,NA,NA,NA
"04/12",2889,NA,11751,178910,994,NA,573,NA,NA,344,NA,672,NA,NA,NA,NA,NA,476,NA,910,NA,NA,NA,NA
"04/13",3311,NA,5206,184116,1214,NA,571,NA,NA,351,NA,686,NA,NA,NA,NA,NA,487,NA,929,NA,NA,NA,NA
"04/14",4148,NA,7746,191862,1088,NA,512,NA,NA,364,NA,707,NA,NA,NA,NA,NA,496,NA,949,NA,NA,NA,NA
"04/15",3878,NA,7405,199267,981,NA,455,NA,NA,374,NA,735,NA,NA,NA,NA,NA,599,NA,1100,NA,NA,NA,NA
"04/16",3527,NA,11328,210595,883,NA,414,NA,NA,388,NA,770,NA,NA,NA,NA,NA,612,NA,1142,NA,NA,NA,NA
"04/17",3580,NA,9136,219731,904,NA,384,NA,NA,398,NA,808,NA,NA,NA,NA,NA,633,NA,1183,NA,NA,NA,NA
"04/18",2173,NA,9303,229034,665,NA,392,NA,NA,406,NA,845,NA,NA,NA,NA,NA,640,NA,1215,NA,NA,NA,NA
"04/19",2346,NA,7434,236468,593,NA,399,NA,NA,423,NA,881,NA,NA,NA,NA,NA,654,NA,1244,NA,NA,NA,NA
"04/20",3794,NA,6573,243041,725,NA,364,NA,NA,429,NA,904,NA,NA,NA,NA,NA,661,NA,1266,NA,NA,NA,NA
"04/21",3064,NA,8843,251884,661,NA,323,NA,NA,440,NA,936,NA,NA,NA,NA,NA,667,NA,1290,NA,NA,NA,NA
"04/22",3463,NA,2640,254524,599,NA,312,NA,NA,444,NA,952,NA,NA,NA,NA,NA,671,NA,1296,NA,NA,NA,NA
"04/23",2844,NA,17360,271884,532,NA,332,NA,NA,460,NA,1024,NA,NA,NA,NA,NA,690,NA,1387,NA,NA,NA,NA
"04/24",2538,NA,13802,285686,550,NA,316,NA,NA,475,NA,1080,NA,NA,NA,NA,NA,714,NA,1449,NA,NA,NA,NA
"04/25",1595,NA,12794,298480,403,NA,265,NA,NA,480,NA,1122,NA,NA,NA,NA,NA,728,NA,1526,NA,NA,NA,NA
"04/26",1003,NA,NA,NA,375,NA,247,NA,NA,562,NA,1308,NA,NA,NA,NA,NA,871,NA,1818,NA,NA,NA,NA
"04/27",2297,NA,NA,313919,444,NA,271,NA,NA,493,NA,1171,NA,NA,NA,NA,NA,759,NA,1635,NA,NA,NA,NA
"04/28",2731,NA,8696,322615,445,NA,228,NA,NA,502,NA,1212,NA,NA,NA,NA,NA,776,NA,1683,NA,NA,NA,NA
"04/29",2342,NA,9308,331923,408,NA,240,NA,NA,509,NA,1239,NA,NA,NA,NA,NA,783,NA,1741,NA,NA,NA,NA
"04/30",2024,NA,9742,341665,346,NA,223,NA,NA,520,NA,1277,NA,NA,NA,NA,NA,798,NA,1803,NA,NA,NA,NA
"05/01",1889,NA,10852,352517,353,NA,209,NA,NA,524,NA,1316,NA,NA,NA,NA,NA,805,NA,1872,NA,NA,NA,NA
"05/02",1060,NA,11864,364381,261,NA,192,NA,NA,531,NA,1361,NA,NA,NA,NA,NA,826,NA,1988,NA,NA,NA,NA
"05/03",785,NA,10036,374417,256,NA,178,NA,NA,536,NA,1393,NA,NA,NA,NA,NA,836,NA,2048,NA,NA,NA,NA
"05/04",1550,NA,7541,381958,312,NA,159,NA,NA,539,NA,1422,NA,NA,NA,NA,NA,847,NA,2110,NA,NA,NA,NA
"05/05",1512,NA,7113,389071,283,NA,151,NA,NA,542,NA,1450,NA,NA,NA,NA,NA,854,NA,2149,NA,NA,NA,NA
"05/06",1402,NA,9681,398752,262,NA,150,NA,NA,548,NA,1507,NA,NA,NA,NA,NA,863,NA,2230,NA,NA,NA,NA
"05/07",1235,NA,11027,409779,259,NA,142,NA,NA,551,NA,1550,NA,NA,NA,NA,NA,878,NA,2305,NA,NA,NA,NA
"05/08",1081,NA,5079,414858,257,NA,131,NA,NA,553,NA,1571,NA,NA,NA,NA,NA,882,NA,2333,NA,NA,NA,NA
"05/09",657,NA,15069,429927,185,NA,100,NA,NA,555,NA,1626,NA,NA,NA,NA,NA,888,NA,2448,NA,NA,NA,NA
"05/10",458,NA,10511,440438,158,NA,103,NA,NA,559,NA,1654,NA,NA,NA,NA,NA,898,NA,2523,NA,NA,NA,NA
"05/11",1233,NA,8726,449164,247,NA,103,NA,NA,562,NA,1700,NA,NA,NA,NA,NA,904,NA,2602,NA,NA,NA,NA
"05/12",1285,NA,7898,457062,211,NA,91,NA,NA,564,NA,1712,NA,NA,NA,NA,NA,912,NA,2621,NA,NA,NA,NA
"05/13",1337,NA,9582,466644,230,NA,83,NA,NA,573,NA,1748,NA,NA,NA,NA,NA,918,NA,2666,NA,NA,NA,NA
"05/14",1112,NA,12792,479436,221,NA,70,NA,NA,574,NA,1822,NA,NA,NA,NA,NA,924,NA,2748,NA,NA,NA,NA
"05/15",875,NA,16681,496117,234,NA,86,NA,NA,575,NA,1903,NA,NA,NA,NA,NA,939,NA,2861,NA,NA,NA,NA
"05/16",488,NA,14630,510747,165,NA,83,NA,NA,584,NA,1985,NA,NA,NA,NA,NA,946,NA,2965,NA,NA,NA,NA
"05/17",359,NA,10201,520948,125,NA,77,NA,NA,587,NA,2015,NA,NA,NA,NA,NA,951,NA,3045,NA,NA,NA,NA
"05/18",900,NA,7546,528494,178,NA,57,NA,NA,590,NA,2085,NA,NA,NA,NA,NA,959,NA,3120,NA,NA,NA,NA
"05/19",1005,NA,7848,536342,206,NA,54,NA,NA,592,NA,2172,NA,NA,NA,NA,NA,966,NA,3191,NA,NA,NA,NA
"05/21",1071,NA,18452,554794,175,NA,45,NA,NA,599,NA,2315,NA,NA,NA,NA,NA,971,NA,3322,NA,NA,NA,NA
"05/22",1061,NA,14421,569215,197,NA,64,NA,NA,602,NA,2326,NA,NA,NA,NA,NA,977,NA,3342,NA,NA,NA,NA
"05/23",465,NA,11311,580526,135,NA,60,NA,NA,602,NA,2368,NA,NA,NA,NA,NA,981,NA,3394,NA,NA,NA,NA
"05/24",479,NA,26331,606857,120,NA,49,NA,NA,604,NA,2417,NA,NA,NA,NA,NA,985,NA,3471,NA,NA,NA,NA
"05/25",469,NA,0,606857,141,NA,49,NA,NA,607,NA,2494,NA,NA,NA,NA,NA,986,NA,3562,NA,NA,NA,NA
"05/26",1055,NA,7029,613886,153,NA,37,NA,NA,607,NA,2500,NA,NA,NA,NA,NA,987,NA,3592,NA,NA,NA,NA
"05/27",754,NA,10721,624607,161,NA,49,NA,NA,608,NA,2532,NA,NA,NA,NA,NA,987,NA,3634,NA,NA,NA,NA
"05/28",641,NA,22305,646912,140,NA,38,NA,NA,611,NA,2682,NA,NA,NA,NA,NA,994,NA,3788,NA,NA,NA,NA
"05/29",646,NA,14464,661376,170,NA,43,NA,NA,612,NA,2739,NA,NA,NA,NA,NA,997,NA,3841,NA,NA,NA,NA
"05/30",349,NA,29960,691336,99,NA,54,NA,NA,614,NA,2880,NA,NA,NA,NA,NA,1004,NA,4040,NA,NA,NA,NA
"05/31",217,NA,10169,701505,90,NA,39,NA,NA,618,NA,2947,NA,NA,NA,NA,NA,1008,NA,4103,NA,NA,NA,NA
"06/01",666,NA,7768,709273,124,NA,34,NA,NA,618,NA,2956,NA,NA,NA,NA,NA,1010,NA,4170,NA,NA,NA,NA
"06/02",578,NA,7014,716287,124,NA,38,NA,NA,618,NA,2996,NA,NA,NA,NA,NA,1013,NA,4219,NA,NA,NA,NA
"06/04",515,NA,36861,753148,90,NA,32,NA,NA,624,NA,3202,NA,NA,NA,NA,NA,1023,NA,4485,NA,NA,NA,NA
"06/05",410,NA,13523,766671,65,NA,28,NA,NA,625,NA,3281,NA,NA,NA,NA,NA,1025,NA,4578,NA,NA,NA,NA
"06/06",248,NA,11770,778441,46,NA,35,NA,NA,626,NA,3344,NA,NA,NA,NA,NA,1026,NA,4655,NA,NA,NA,NA
"06/07",198,NA,12463,790904,48,NA,24,NA,NA,626,NA,3397,NA,NA,NA,NA,NA,1027,NA,4715,NA,NA,NA,NA
"06/08",445,NA,11769,802673,62,NA,41,NA,NA,628,NA,3466,NA,NA,NA,NA,NA,1028,NA,4777,NA,NA,NA,NA
"06/09",424,NA,NA,NA,51,NA,34,NA,NA,630,NA,3454,NA,NA,NA,NA,NA,1029,NA,4767,NA,NA,NA,NA
"06/10",366,NA,NA,802673,45,NA,31,NA,NA,631,NA,3576,NA,NA,NA,NA,NA,1032,NA,4929,NA,NA,NA,NA
"06/11",359,NA,30068,832741,41,NA,21,NA,NA,633,NA,3652,NA,NA,NA,NA,NA,1034,NA,4999,NA,NA,NA,NA
"06/12",411,NA,15315,848056,55,NA,23,NA,NA,636,NA,3720,NA,NA,NA,NA,NA,1035,NA,5090,NA,NA,NA,NA
"06/13",195,NA,13246,861302,27,NA,14,NA,NA,636,NA,3765,NA,NA,NA,NA,NA,1039,NA,5203,NA,NA,NA,NA
"06/14",185,NA,12256,873558,43,NA,24,NA,NA,637,NA,3810,NA,NA,NA,NA,NA,1040,NA,5272,NA,NA,NA,NA
"06/15",377,NA,9252,882810,49,NA,20,NA,NA,639,NA,3837,NA,NA,NA,NA,NA,1040,NA,5312,NA,NA,NA,NA
"06/16",425,NA,12417,895227,51,NA,19,NA,NA,640,NA,3946,NA,NA,NA,NA,NA,1043,NA,5419,NA,NA,NA,NA
"06/17",354,NA,23318,918545,41,NA,20,NA,NA,641,NA,4065,NA,NA,NA,NA,NA,1044,NA,5600,NA,NA,NA,NA
"06/18",372,NA,15083,933628,39,NA,17,NA,NA,641,NA,4162,NA,NA,NA,NA,NA,1047,NA,5746,NA,NA,NA,NA
"06/19",358,NA,12265,945893,41,NA,17,NA,NA,642,NA,4324,NA,NA,NA,NA,NA,1048,NA,5842,NA,NA,NA,NA
"06/20",204,NA,22937,968830,27,NA,19,NA,NA,642,NA,4461,NA,NA,NA,NA,NA,1049,NA,6011,NA,NA,NA,NA
"06/21",176,NA,17032,985862,34,NA,28,NA,NA,644,NA,4580,NA,NA,NA,NA,NA,1055,NA,6142,NA,NA,NA,NA
"06/22",395,NA,11095,996957,44,NA,25,NA,NA,644,NA,4663,NA,NA,NA,NA,NA,1057,NA,6256,NA,NA,NA,NA
"06/23",382,NA,13594,1010551,42,NA,27,NA,NA,647,NA,4723,NA,NA,NA,NA,NA,1058,NA,6348,NA,NA,NA,NA
"06/24",384,NA,12706,1023257,37,NA,25,NA,NA,648,NA,4799,NA,NA,NA,NA,NA,1061,NA,6483,NA,NA,NA,NA
"06/25",297,NA,11642,1034899,37,NA,19,NA,NA,649,NA,4860,NA,NA,NA,NA,NA,1067,NA,6662,NA,NA,NA,NA
"06/26",313,NA,13676,1048575,34,NA,20,NA,NA,651,NA,4943,NA,NA,NA,NA,NA,1067,NA,6789,NA,NA,NA,NA
"06/27",209,NA,9002,1057577,37,NA,21,NA,NA,652,NA,4985,NA,NA,NA,NA,NA,1071,NA,6919,NA,NA,NA,NA
"06/28",200,NA,18371,1075948,31,NA,19,NA,NA,652,NA,5098,NA,NA,NA,NA,NA,1072,NA,7160,NA,NA,NA,NA
"06/30",445,NA,23415,1099363,37,NA,24,NA,NA,654,NA,5227,NA,NA,NA,NA,NA,1079,NA,7381,NA,NA,NA,NA
"07/01",396,NA,14279,1113642,29,NA,12,NA,NA,656,NA,5281,NA,NA,NA,NA,NA,1081,NA,7485,NA,NA,NA,NA
"07/02",410,NA,15036,1128678,30,NA,25,NA,NA,660,NA,5382,NA,NA,NA,NA,NA,1083,NA,7601,NA,NA,NA,NA
"07/03",227,NA,16905,1145583,22,NA,24,NA,NA,662,NA,5470,NA,NA,NA,NA,NA,1086,NA,7759,NA,NA,NA,NA
"07/04",118,NA,25032,1170615,22,NA,14,NA,NA,664,NA,5648,NA,NA,NA,NA,NA,1086,NA,8022,NA,NA,NA,NA
"07/05",154,NA,0,1170615,23,NA,17,NA,NA,665,NA,5648,NA,NA,NA,NA,NA,1090,NA,8022,NA,NA,NA,NA
"07/06",431,NA,13912,1184527,43,NA,17,NA,NA,667,NA,5713,NA,NA,NA,NA,NA,1090,NA,8149,NA,NA,NA,NA
"07/07",457,NA,26735,1211262,40,NA,13,NA,NA,669,NA,5887,NA,NA,NA,NA,NA,1093,NA,8353,NA,NA,NA,NA
"07/08",433,NA,0,1211262,32,NA,20,NA,NA,670,NA,5887,NA,NA,NA,NA,NA,1096,NA,8353,NA,NA,NA,NA
"07/09",390,NA,19200,1230462,41,NA,10,NA,NA,669,NA,6049,NA,NA,NA,NA,NA,1101,NA,8507,NA,NA,NA,NA
"07/10",307,NA,14362,1244824,35,NA,10,NA,NA,671,NA,6143,NA,NA,NA,NA,NA,1103,NA,8664,NA,NA,NA,NA
"07/11",252,NA,13580,1258404,29,NA,13,NA,NA,671,NA,6228,NA,NA,NA,NA,NA,1103,NA,8762,NA,NA,NA,NA
"07/12",219,NA,16641,1275045,18,NA,11,NA,NA,671,NA,6309,NA,NA,NA,NA,NA,1104,NA,8936,NA,NA,NA,NA
"07/13",474,NA,13270,1288315,44,NA,17,NA,NA,675,NA,6463,NA,NA,NA,NA,NA,1105,NA,9016,NA,NA,NA,NA
"07/14",398,NA,10638,1298953,31,NA,10,NA,NA,676,NA,6521,NA,NA,NA,NA,NA,1107,NA,9112,NA,NA,NA,NA
"07/15",431,NA,15607,1314560,24,NA,14,NA,NA,678,NA,6660,NA,NA,NA,NA,NA,1110,NA,9250,NA,NA,NA,NA
"07/16",411,NA,16120,1330680,30,NA,10,NA,NA,680,NA,6754,NA,NA,NA,NA,NA,1114,NA,9387,NA,NA,NA,NA
"07/17",411,NA,32540,1363220,46,NA,14,NA,NA,680,NA,6959,NA,NA,NA,NA,NA,1117,NA,9615,NA,NA,NA,NA
"07/18",213,NA,0,1363220,26,NA,11,NA,NA,682,NA,6959,NA,NA,NA,NA,NA,1117,NA,9615,NA,NA,NA,NA
"07/19",175,NA,13618,1376838,30,NA,7,NA,NA,683,NA,7021,NA,NA,NA,NA,NA,1119,NA,9744,NA,NA,NA,NA
"07/20",389,NA,13535,1390373,33,NA,11,NA,NA,683,NA,7123,NA,NA,NA,NA,NA,1120,NA,9862,NA,NA,NA,NA
"07/21",332,NA,27861,1418234,22,NA,12,NA,NA,687,NA,7292,NA,NA,NA,NA,NA,1123,NA,10103,NA,NA,NA,NA
"07/22",309,NA,0,1418234,31,NA,8,NA,NA,687,NA,7292,NA,NA,NA,NA,NA,1123,NA,10103,NA,NA,NA,NA
"07/23",289,NA,17824,1436058,32,NA,8,NA,NA,686,NA,7416,NA,NA,NA,NA,NA,1124,NA,10244,NA,NA,NA,NA
"07/24",268,NA,18714,1454772,34,NA,6,NA,NA,689,NA,7587,NA,NA,NA,NA,NA,1125,NA,10414,NA,NA,NA,NA
"07/25",131,NA,11740,1466512,25,NA,9,NA,NA,693,NA,7678,NA,NA,NA,NA,NA,1129,NA,10484,NA,NA,NA,NA
"07/26",112,NA,10681,1477193,21,NA,7,NA,NA,694,NA,7753,NA,NA,NA,NA,NA,1129,NA,10546,NA,NA,NA,NA
"07/27",225,NA,14187,1491380,37,NA,5,NA,NA,694,NA,7870,NA,NA,NA,NA,NA,1129,NA,10649,NA,NA,NA,NA
"07/28",214,NA,11452,1502832,34,NA,12,NA,NA,701,NA,8008,NA,NA,NA,NA,NA,1132,NA,10770,NA,NA,NA,NA
"07/29",199,NA,11859,1514691,25,NA,5,NA,NA,703,NA,8122,NA,NA,NA,NA,NA,1133,NA,10865,NA,NA,NA,NA
"07/30",211,NA,13265,1527956,31,NA,4,NA,NA,706,NA,8263,NA,NA,NA,NA,NA,1135,NA,10975,NA,NA,NA,NA
"07/31",198,NA,10416,1538372,19,NA,4,NA,NA,706,NA,8325,NA,NA,NA,NA,NA,1141,NA,11085,NA,NA,NA,NA
"08/01",150,NA,15694,1554066,22,NA,7,NA,NA,706,NA,8430,NA,NA,NA,NA,NA,1147,NA,11218,NA,NA,NA,NA
"08/02",101,NA,21273,1575339,30,NA,2,NA,NA,708,NA,8589,NA,NA,NA,NA,NA,1143,NA,11431,NA,NA,NA,NA
"08/03",215,NA,11437,1586776,28,NA,2,NA,NA,708,NA,8634,NA,NA,NA,NA,NA,1143,NA,11534,NA,NA,NA,NA
"08/04",112,NA,15779,1602555,31,NA,0,NA,NA,710,NA,8771,NA,NA,NA,NA,NA,1145,NA,11691,NA,NA,NA,NA
"08/05",130,NA,17150,1619705,10,NA,3,NA,NA,711,NA,8871,NA,NA,NA,NA,NA,1147,NA,11787,NA,NA,NA,NA
"08/06",91,NA,16091,1635796,6,NA,0,NA,NA,712,NA,8965,NA,NA,NA,NA,NA,1151,NA,11933,NA,NA,NA,NA
"08/07",36,NA,10590,1646386,0,NA,0,NA,NA,713,NA,9020,NA,NA,NA,NA,NA,1154,NA,12037,NA,NA,NA,NA
"08/08",NA,NA,15880,1662266,NA,NA,NA,NA,NA,713,NA,9122,NA,NA,NA,NA,NA,1159,NA,12181,NA,NA,NA,NA
